.Random.seed <-
c(403L, 10L, -641385405L, 1015525345L, -1232634032L, 268816814L, 
-2126356647L, 1389925739L, 581467354L, -1375439460L, -1433011809L, 
-115549195L, 592919180L, 980332386L, -1983033539L, -63559753L, 
2133943390L, 1140545944L, 846134523L, 1021761689L, -2002253528L, 
-1712148522L, -771359663L, 1103501059L, -1914069358L, 1042676772L, 
-1105124633L, 384685885L, -1977260108L, 1787096090L, 638834533L, 
192195071L, -1613142906L, 243206160L, -1599563085L, 1422514513L, 
-878659328L, -2072216610L, -1765062615L, 1769373659L, 25378026L, 
-492950900L, -721103409L, 1392798085L, 403665468L, 521742098L, 
-1075696627L, 1155491655L, 1582581038L, 1870001288L, 1320305035L, 
1662433641L, -1598262472L, 1127243238L, 1551149441L, 690674963L, 
-1719199038L, -818215564L, -1437289097L, 339721837L, -1597959932L, 
1246659626L, 522418581L, -1857843665L, -1072714954L, 1863906144L, 
1286977955L, -835999039L, -185564496L, 2093030862L, 1264660793L, 
14060875L, 1433454330L, -193329156L, -959903681L, 831213845L, 
-809100756L, -389363966L, 1967162333L, -22843689L, -228894274L, 
-879404040L, 29208539L, -2140356039L, -378289272L, -2059050186L, 
-883728015L, 1871117219L, -1313772814L, 1004218948L, -106171129L, 
-1944458019L, -2089539116L, -1346802438L, -1718954939L, 2110686367L, 
556402214L, -583875920L, -1256796333L, 256801393L, 1888913312L, 
-1799540930L, -1983990199L, 1320227579L, -1456418102L, -1775143892L, 
1349856303L, -82787099L, -1984680548L, 1549520882L, -423720339L, 
-249540697L, 1523454414L, 1425954600L, 2082676011L, 1584803657L, 
-1245916072L, -432770810L, -2014958367L, -785396621L, 67647714L, 
-465264556L, -897489577L, 1826264397L, 365996260L, -1771137846L, 
-836626123L, 825806735L, -1653076842L, -1540062144L, -1527360253L, 
1380808993L, -1526222320L, -1035519506L, 1099566489L, 1050933803L, 
-1498068198L, -1763560996L, 1782892511L, -1440268363L, 365267276L, 
470990754L, -512895235L, -1308846089L, 2025042206L, -76948520L, 
-696664773L, 133126873L, 726546024L, -204413034L, 1862923025L, 
-1716020029L, -462629678L, -413884060L, -926141273L, -1856218627L, 
-203885580L, 2024541402L, 1105894949L, 984773439L, -1271152442L, 
-278799024L, 1321575795L, 1707585425L, -1554251328L, 1432355742L, 
-143712919L, 1346659739L, -908326742L, 1493333708L, -2106665073L, 
-14969915L, 992999292L, 1081280466L, 47277901L, 721696263L, -11368978L, 
856035528L, 1458823115L, -1529038295L, -741013384L, -538802778L, 
-780546111L, 1938052179L, 1734441730L, 917118516L, 1145969591L, 
-771552339L, 737304772L, 376362218L, -1790207147L, 609742063L, 
-1991957770L, -1600991712L, -1660709917L, -587261823L, 797869808L, 
-1674304114L, 284920569L, 614746251L, 1630539962L, -1871690820L, 
645388543L, 1208560725L, 1330878316L, -858634302L, 561459229L, 
1420005527L, 1489382910L, -1869292104L, -1923468901L, 437860345L, 
1486495560L, -408524170L, 146842545L, 772357603L, 497803954L, 
2010930948L, -1926151097L, 1855427357L, -519558764L, -1615622854L, 
921989509L, -2110373281L, 573056230L, 316749680L, 1280473235L, 
855356721L, 349430752L, 1362083792L, 1049483554L, 245616296L, 
494321548L, 1214383292L, 1026048818L, -1900550592L, -185363276L, 
596319304L, -534716998L, -34760176L, 1052990700L, 1493025108L, 
-1831216366L, -1533057632L, 1147622092L, -457565600L, 1190254530L, 
1849250600L, -201375316L, 464741692L, 2077352818L, 635983152L, 
92225316L, 29144376L, 1233524442L, 1999099792L, 1972364028L, 
-979764332L, 331826242L, 506801408L, 1193390140L, 1912577360L, 
486118562L, 1111411528L, -145785076L, 1411940060L, 1055090514L, 
-1784211840L, -908677036L, 1070896104L, 1397000954L, -1576706736L, 
1441834796L, 1045842804L, 2030945170L, -541246880L, 479915916L, 
-2107562144L, 1644760034L, 223005608L, 1561881804L, -1532716548L, 
815996850L, 878423536L, -718934588L, 371016024L, 2123060602L, 
875482544L, 91243452L, -1428834220L, -1243729982L, 744990752L, 
1950499004L, -1558365616L, -1708845086L, 561188456L, 626257484L, 
-152758020L, 1101135858L, -1135921920L, -2099172492L, 1472997384L, 
1168771514L, 506285520L, -257252372L, -478749804L, -1318777902L, 
1901514592L, -191211188L, -1670819552L, -487968894L, 1570942696L, 
-532829972L, 1035247164L, 1991857010L, 1961105008L, 2097269796L, 
1644044088L, -1138343782L, 293541584L, -1078283076L, 500685460L, 
730917506L, -613412672L, -1125432004L, 1115805840L, 1463795234L, 
-1208264184L, -8252148L, 25043612L, 1167259154L, 327106944L, 
-1771380204L, -816988632L, -231104198L, 109935568L, 694513260L, 
223103796L, -889752942L, -1788209824L, 890869068L, -1997401120L, 
443477922L, 1715277736L, -207630452L, 1330645692L, -387290254L, 
-289259280L, -71427004L, 1089256792L, 2072154170L, -1545440400L, 
-1561799620L, 1995320084L, 960142786L, 505834720L, -185354372L, 
1034221264L, 1013455522L, 26104872L, -358293236L, -237462596L, 
646288690L, 1178191808L, -686299596L, -1762599992L, -1820183366L, 
-653940848L, 1671596524L, 290329684L, -286410094L, -1932559584L, 
-267615796L, 278997984L, 1984853698L, -349293016L, -1447170388L, 
-905767236L, -1743773198L, 1752865072L, -557922140L, 538045112L, 
-65687718L, 381140368L, 1566444924L, -161181420L, 589774146L, 
1295663872L, -43095108L, -1375313072L, 1983001890L, 896420168L, 
2085407756L, 1620642908L, 1112503506L, 1154626560L, 1943504724L, 
1195985384L, -1694770182L, -492614960L, 730998060L, -288080652L, 
2005140370L, 748833888L, 1400232204L, -398398752L, -1204775582L, 
470685352L, -360042932L, 1225257852L, 250986290L, -1763204496L, 
700444996L, -328218664L, -1218284422L, -1869440464L, 1964887740L, 
1503354708L, 359960130L, 1481138080L, -452076356L, 1659171280L, 
-1303285406L, -798464024L, -990757940L, -847073540L, 1291420658L, 
-640502656L, -266886924L, -495140728L, 472789306L, -1424288944L, 
-1892736916L, -811443052L, 1234421074L, -1474678048L, -345256756L, 
80043168L, 131923330L, -1397437208L, -1712534292L, -2095110084L, 
1371081842L, -527541136L, 943002148L, 937727544L, 914174490L, 
1192744144L, -578419140L, -402038636L, -124859262L, -2000155712L, 
1400926524L, -2070286704L, 1004561442L, -936628216L, 729053986L, 
-823421385L, 1577669377L, -1540040186L, 1987422276L, -40441483L, 
-26055457L, 1294086200L, 196745238L, 167716899L, -1379919899L, 
-1251020286L, 906948720L, 682640921L, -1788438517L, -1445776644L, 
-2046500054L, -1592195745L, 1322769641L, 1726028798L, 425977836L, 
-1196162243L, 584650503L, -2111404304L, 752477838L, -2087395141L, 
1598489757L, -1077217206L, -1797543320L, -930183599L, 1245510979L, 
-2053428156L, 1466326770L, -29112633L, 1145261201L, 872612374L, 
24719476L, -1507241211L, -1683973809L, 1056222024L, 1903389414L, 
-142992365L, -2004450443L, -1862413486L, 2120901536L, -2028599671L, 
-487984453L, -1235179252L, -1542421350L, -1991263729L, 1928580697L, 
-1233706258L, -2137847428L, -1963025939L, 1641678487L, 1977360736L, 
1882404158L, -2080274933L, 101114509L, -5759046L, -1644458504L, 
313534881L, 170118995L, -1473225100L, -281993214L, 366254743L, 
705791073L, -727146330L, -1687826268L, -1710380715L, -1737352705L, 
1308188824L, 339897782L, -2070624701L, 957483909L, 1127264290L, 
-1884085488L, 1221004985L, 2029314923L, 1924545116L, -1083705462L, 
1279166335L, 490289865L, 235492190L, 725542924L, -459212835L, 
2076410599L, -1646404848L, 574812718L, 642189531L, 124106173L, 
398222122L, 919022536L, -122246927L, -404257181L, 1800344164L, 
1832849810L, -1161224601L, -786497999L, 1442759542L, 1164720276L, 
-1690106203L, 47784879L, 940200040L, -1505602490L, 807748083L, 
1105640789L, -1064671438L, 1781590784L, 14495721L, -742116773L, 
-188789588L, -2135944518L, -1155467153L, 673134073L, 1647882382L, 
1030043996L, 771633613L, -1951574729L, 1365256128L, 1943011486L, 
-1182325397L, -1146725139L, 1866628442L, 741912088L, -2019292287L, 
1743335731L, 1566564180L, 374946146L, -2011303433L, 1729921601L, 
491673286L, -1112942588L, -984172619L, 1554180255L, 286561528L, 
-1582809898L, 931208547L, -888080091L, -720683326L, 1208093616L, 
1218254809L, -2037661365L, 1508870076L, 1259773930L, -720410593L, 
-201929047L, 309056062L, -1885282516L, 535570813L, 1205778375L, 
